           5
 F F F           9           1   19.999999999999996     
   4.2584827639424079        0.0000000000000000        0.0000000000000000        0.0000000000000000     
   4.0429390589536673        0.0000000000000000        0.0000000000000000        0.0000000000000000     
   6.2590871198591422        0.0000000000000000        0.0000000000000000        0.0000000000000000        0.0000000000000000        0.0000000000000000        0.0000000000000000        0.0000000000000000        0.0000000000000000     
  0.90758625629933320     
  0.91714278285443329     
  0.91686536602549951     
  0.91982537211966098     
  0.93264327511122269     
  0.84542800483463032     
