           5
 F F F           9           1   20.000000000000000     
   4.2585346740370493        0.0000000000000000        0.0000000000000000        0.0000000000000000     
   4.0430289637822243        0.0000000000000000        0.0000000000000000        0.0000000000000000     
   6.2589701680698910        0.0000000000000000        0.0000000000000000        0.0000000000000000        0.0000000000000000        0.0000000000000000        0.0000000000000000        0.0000000000000000        0.0000000000000000     
  0.84551419215222234     
  0.91982259515792264     
  0.93259213725839307     
  0.90759875789353039     
  0.91716533023882540     
  0.91677318140994335     
