           5
 F F F           9           1   20.000000000000004     
   4.2584825795723900        0.0000000000000000        0.0000000000000000        0.0000000000000000     
   4.0429393205434465        0.0000000000000000        0.0000000000000000        0.0000000000000000     
   6.2590873041346322        0.0000000000000000        0.0000000000000000        0.0000000000000000        0.0000000000000000        0.0000000000000000        0.0000000000000000        0.0000000000000000        0.0000000000000000     
  0.90758623516641879     
  0.91714285181279609     
  0.91686543569070411     
  0.91982520775276000     
  0.93264302819255085     
  0.84542803713430681     
